[[1.0, 0.10475708836249631, -0.023105884077572858, 0.40292737293798475, 0.12961436197731591, 0.15180232979999952, -0.035047479612535959, 0.31354787322664468, 0.055217495538079531, 0.2398391460142677, 0.21421264050361777, 0.23117516720099296, 1.0, 0.019825079261459821, 0.085389056461948387, 0.030969528479549813, 0.18713547779995832, 0.068243813032305534, 0.16591376858684015, 0.11011387090668301, 0.38915219465264239, -0.021873292017966506, 0.27193517829127145, 0.23117516720099296, 0.10124298623663153, 0.25210860935398816, 0.30800641749193636, 0.29581211416453268, 0.143637095796039, 0.027052367493798357, -0.14366538334787937, 0.0038475103823968348, 0.014803910678475196, 0.046739275201532648, 0.12092039434387625, 0.03760718143474806, 0.19111056072443122, 0.26650339367076037, 0.2227410378817718, 0.38915219465264239, 0.071444552422894492, 0.10902431391091683, 0.10892738626587206, 0.35648925562330136, 0.28415508877633788, 0.11615647686090946, 0.50993007104970245, -0.099979809927202234, 0.26326860281990461, 0.17516108258725738, 0.11840141366244505, 0.2170863511415303, 0.26746415514303168, -0.010982961850505735, 0.12120717034449813, 0.1096348358556023, 0.29750033823329614, 0.048354679970597392, 0.24378090359484417, 0.086149399768878476, 0.14141817273767221, 0.14835563151503184, 0.25391736607548643, 0.080108016973986396, 0.1757225614260941, 0.25842229914764991, 0.25210860935398816, 0.29477010984774632, 0.10124298623663153, 0.02217644850296574, 0.063852463511536284, 0.15364818074844022, 0.0700277433327956, 0.019892751381575868, 0.11581277220462372, -0.039599604106545394, -0.10937116271776071, -0.022114778212197539, -0.15264864578701998, 0.085922931537792513, 0.18710534110294774, 0.43662824896225993, 0.077988344118145481, 0.38716098799629894, 0.16447379470460632, 0.13958937529957338, 0.050490693990203783, -0.033313058043577648, 0.25363667632376607, 0.087390622478433766, 0.17830023237629455, 0.2220396447679891, 0.35141361452204944, 0.20234947781969137, 0.38347132198333789, 0.074217912788067331, 0.19157921148505597, 0.12410201768864237, -0.071461585826158469, 0.095534563684072871, -0.07926644060000565, 0.24370973849455257, 0.13448131691583654, 0.1153472456048078, 0.19364033684767912, 0.093769336740387121, -0.016479024392999309, 0.048957702800434988, 0.036582749197760722, 0.033927772812547663, 0.31559973467831282, 0.014630648872508534, -0.14149928823179048, -0.013870580332169258, 0.095492046145361442, -0.050602246387339678, -0.031693766696434311, 0.087843482760275871, 0.064669678932884334, 0.24762626174998592, 0.063703697086044064, -0.063029293591566171, 0.22685837597000935, 0.52183692279035421, 0.030729196870994957, 0.31467875024090819, 0.17020701155978313, 0.11911686210366401, 0.27281217079877829, 0.0092269158697334541, 0.14393283588777561, 0.085389056461948387, 0.07207855624934556, 0.085774996656493574, 0.09861291857343979, 0.27435867187752816, 0.083593090843041895, -0.040089897416647702, 0.1098490440477119, 0.017448002290792797, 0.25591877805465013], [0.10475708836249631, 1.0000000000000002, 0.21603265525659687, 0.082521741560092732, -0.037637204123637913, -0.014666067951538908, 0.0082952337675653576, 0.039963569328344106, -0.096472393871535056, 0.029970164418568923, -0.2469446609045407, 0.12643877565994188, 0.10475708836249631, 0.039181402607571525, 0.074031442742780174, -0.049413442568012167, -0.02624355121062516, 0.11746099549791533, 0.023375268977997465, 0.038535260065468591, 0.12280618064344373, 0.28418849471763918, 0.016244392531463703, 0.12643877565994188, 0.072106851912126513, -0.01463002197565455, 0.046379024916796796, 0.14341500054331568, 0.025576907799994664, -0.10449553910299647, 0.29995801842931602, 0.31206502799599956, 0.13269195567104441, 0.046451771170003764, 0.075436639170378794, 0.11599916271163413, 0.23309179713319839, -0.035201353675298197, 0.20990455386075335, 0.12280618064344373, -0.19634445361425845, -0.2472544401159571, -0.028254952420519119, -0.050190979947248637, 0.10941062680945302, 0.084130715131924605, 0.076729501435108816, 0.037253177596556331, 0.28609400682660646, -0.066602456876617921, -0.066781808775746132, -0.0088725911708786853, 0.007992884284813595, 0.1526890026624208, 0.11122669615944525, 0.13993408417201736, 0.4458488093262043, 0.2244062241230721, -0.027504801923381672, 0.30823952006361144, -0.093484115613103658, 0.092573218451229677, 0.16515517008289859, 0.10241237803302683, 0.40905744628762364, 0.13480852833822787, -0.01463002197565455, 0.14681686670219818, 0.072106851912126513, 0.010150894981058034, 0.1749265888782906, 0.040442867332190158, -0.098675014958343077, -0.062723202808250944, -0.11755664695210899, -0.1311627054549882, 0.11682489060097789, -0.21418306892071626, 0.069013695575228295, -0.019034318216693658, 0.17760728862647057, 0.1059718127916397, 0.51286239012978374, 0.10336048215566207, 0.0054669852870381508, 0.01568449329852617, -0.055720387965552121, 0.19548286066799303, -0.15001908643217199, -0.045391511502875792, -0.086627766231493153, 0.24693985155955844, 0.04683416876691926, 0.056747017908587716, 0.059985388558880137, -0.22325862232327975, 0.026628051079196302, 0.23562099804855097, 0.091403856443779463, 0.18006625219653039, 0.095034973720030669, 0.16845099684381604, 0.035758316809127555, -0.048900761543923865, -0.05609769984877544, 0.22155614037818649, 0.14668869711322563, 0.08330004413790848, -0.040116572487702395, -0.10104739212586056, 0.29563820181179534, -0.0072950630768831015, -0.069167731261299492, -0.028910298542757173, 0.0054304787268260046, -0.17542175150785488, 0.082474005357678126, -0.047887940900720238, -0.017461580699238644, -0.047200294181483304, -0.107803711683925, 0.39730217346474439, 0.098789372003335374, 0.082982199946918245, -0.15565440308516698, 0.13466117304396708, -0.10457622299755709, 0.19528523921799601, 0.097980484206022567, -0.092249124040198138, 0.27863607805076951, 0.074031442742780174, -0.01524613655942475, 0.24468912615181937, 0.22094431364961842, 0.12575683485416322, -0.1531440565443638, -0.17979595580926033, 0.1605862196273532, 0.085502629687033815, -0.095222406275587979], [-0.023105884077572858, 0.21603265525659687, 0.99999999999999978, -0.052395652651650026, 0.1207836205933106, -0.049783765779102707, -0.10634824943067889, 0.025937808232386117, 0.11935238246947577, -0.048181467883210871, 0.13096260447032959, 0.18098949165261646, -0.023105884077572858, -0.053635224401802128, -0.050277733599398244, -0.061180595786960223, -0.050475805400272522, 0.18746932039374042, -0.17257078416856175, 0.30278256089970423, -0.010450012522544849, 0.13223321180171976, -0.030872820817383184, 0.18098949165261646, 0.0056734000572646881, 0.0092498287852179617, -0.019771216250303425, -0.024955050990572492, -0.087419090124152277, 0.023943923013158397, 0.32298112960052183, 0.49415923350528967, 0.052123238307813624, -0.04319296832182129, -0.061629076351893408, 0.12413670331404314, 0.033976516426412751, -0.17175824336975931, 7.9477317247000911e-05, -0.010450012522544849, 0.11070838345224887, 0.10399744611060813, 0.14233592599430056, -0.075853884573598096, 0.0026027561679413669, -0.034351514662223082, -0.031501282369505113, 0.061819362324380012, 0.29301244077897237, 0.12913117013470343, 0.11886517813273922, -0.13867120567197144, 0.04216715887407041, 0.11435468098500023, -0.14743173254295994, -0.17060193554568714, 0.11973187022298759, 0.086188510943994601, -0.11763753323385528, 0.15514701788146046, -0.085457691371913169, 0.17533148452345559, 0.12423796629189765, 0.29865419004174043, 0.19832979623284497, 0.066927229325072557, 0.0092498287852179617, 0.093153884753499616, 0.0056734000572646881, -0.079783248976897481, 0.11882166216530676, 0.013715893281289748, 0.014185708671844433, -0.18457859786165032, -0.15272228180685232, 0.21135735578901249, 0.3199292964546574, -0.12857051448818058, 0.1485514405437427, 0.28083726810862242, 0.06235216105138186, 0.02030321046867134, 0.38445187195188568, -0.071036881566220567, -0.14740023999497609, -0.0098914567111372254, 0.14552405521086431, 0.1607029417142698, -0.088615558108251502, 0.23299622059970237, -0.17648574332123212, -0.071380285077385697, 0.033846910262988694, 0.20513169918756469, -0.12406630163022614, 0.21801594745309349, 0.059584347492576573, 0.043000712392789353, -0.049334378188190087, -0.0051694479243591385, 0.31168744972143503, -0.13812960712321587, -0.025371009750145612, -0.086028690629123439, 0.079513383884514788, 0.27924535063475175, 0.40340047904876131, 0.41331251120747226, -0.067944544652843941, 0.19995189811079028, 0.20732289925021874, 0.23854129382760192, 0.28289724049665455, 0.064819712698704679, 0.038687199657276516, -0.0025887729601934417, 0.060642556327200836, -0.090985098085160532, -0.068183276733514431, -0.11807257548324923, 0.049006696481068812, 0.36682805240691185, 0.1997379571469623, -0.066475866868109135, 0.087915562901640487, 0.14694467807088474, 0.060817393498943995, 0.25058965296469637, 0.22753133783901025, -0.15956717838198875, 0.12292580437307687, -0.050277733599398244, -0.015957338920532527, 0.034074444614707877, 0.094884058354412937, -0.042469373177567826, -0.13972798317199508, 0.13565707780392999, -0.16101023651615654, 0.05998053225733857, -0.055682867757641752], [0.40292737293798475, 0.082521741560092732, -0.052395652651650026, 1.0, 0.0502484540578364, 0.13079411838650368, -0.0059645289566765403, 0.26289613375710186, 0.039305298154905688, 0.16088254729072993, 0.18334514488524711, 0.14775202405357868, 0.40292737293798475, -0.014314172147365634, 0.13559432532553128, 0.045778520746155071, 0.16968460994470602, 0.14592074783002651, 0.13518012215664899, -0.025697900960554243, 0.15847771165696356, 0.09163395733175661, 0.12866237131240521, 0.14775202405357868, 0.14318593916767519, 0.034469454721985482, 0.20941280036807541, -0.026538825688115164, 0.18001791133856426, 0.10626969235393602, 0.0065184635779287348, -0.073048973856127297, 0.08333157623500953, 0.027585254774415979, 0.067999553263120682, 0.10355835191603735, 0.023385387669430657, 0.11627477970424516, 0.13124831927075553, 0.15847771165696356, 0.14319531183376311, 0.076593603855021897, 0.055213719568484088, 0.21226857771281982, 0.23891200799301104, -0.0068418242603645041, 0.22210606875876515, -0.13887987634048327, 0.064218706513180179, 0.085842055574188669, 0.11117725566270986, -0.030303604852339294, 0.31545366119797802, 0.079730821843385313, -0.019268629287036321, -0.029648359551851744, 0.049347257684798973, 0.085010213998311324, 0.089759592471721938, 0.18168006579157803, 0.062129352799694559, 0.24959503092177959, 0.03207236452913298, 0.074123150245964831, 0.14651342572232817, 0.072859491074406146, 0.034469454721985482, 0.30915746179081727, 0.14318593916767519, 0.038475838297475473, 0.095567727936238356, -0.10899413409727776, 0.030968229756334176, 0.021351351475652258, 0.047857318105963054, 0.094046257946648337, 0.026574549277075366, 0.021989948814497451, -0.11741423666760831, 0.020448332777436407, 0.035488419516939929, 0.12636575139871342, 0.13212946870453635, 0.3156890418300029, 0.090966218718722902, 0.021546141872709645, 0.10533751478437114, -0.12395504850226202, 0.21514825719111552, 0.083641415498939775, 0.090249959093084531, 0.15710998649346608, 0.060476022011134334, 0.12681367141186684, 0.22155288011754082, 0.10037722668614146, 0.18670678612815328, -0.0028284567425935769, -0.051254074901493585, 0.13574986705883285, -0.11154813984722489, 0.0044164176437579972, 0.1381571500688219, -0.098471264687401305, 0.010291329258398152, 0.054647573968087615, -0.010033029134784988, 0.045232395652342383, 0.077063279711993893, 0.040554460945223969, 0.35123277918514728, 0.026157302166427865, -0.031674175153315165, -0.097333702128563182, 0.021499298157546698, -0.057204977253585199, -0.1162513828081353, -0.019431916116714021, 0.059637691373621182, 0.17182972621925585, -0.040729355129557998, -0.034971885857426388, 0.0093477522519581635, 0.29636894483761611, 0.064954666086144863, 0.24226585550270674, 0.066114495921264504, -0.0050459636804993657, 0.17218963750495297, -0.077176476616783285, 0.12704580092901074, 0.13559432532553128, -0.023531764866696614, 0.04747951369143677, -0.01891817263604767, 0.15606575649882704, -0.0372114581468872, 0.13221879541399628, 0.16322637478185964, -0.053174529821264915, 0.11737899180178546], [0.12961436197731591, -0.037637204123637913, 0.1207836205933106, 0.0502484540578364, 0.99999999999999978, -0.13532029362273534, -0.10355023477470326, 0.087552972552059738, -0.13440007997332826, 0.035699177205004595, 0.086229765489625354, 0.045246155962621715, 0.12961436197731591, -0.088588663216715879, 0.05763586019947986, 0.055028798616255759, 0.11878729242648089, -0.14029563268731549, 0.11094574258087586, -0.11243152195578765, 0.02444802677710689, -0.047367579872220844, 0.10239692214712171, 0.045246155962621715, 0.11653978265297238, -0.024474871863272352, 0.011199566459938914, -0.0027680322715961658, 0.10802477603549421, 0.20668968582888025, 0.12081409371754004, 0.12966159540489142, -0.08244378829845278, -0.11451561236682672, 0.059966092284085892, -0.14731474161447466, 0.010641490010911858, 0.0040309513650650386, -0.25824284394707497, 0.02444802677710689, 0.15039436518583993, -0.11227642732254939, -0.05696946234222322, 0.030128303635778231, 0.04296709008339028, -0.17580970935208051, 0.15369836790840208, -0.17562231625927005, -0.027206733066390099, 0.067628570696017243, 0.25645555772710593, -0.058775211661173943, -0.064512125600953985, -0.040535974439216416, -0.31475150119551976, -0.10997073583951478, -0.0079587231944335812, 0.14786977574758942, 0.022619603884621808, -0.10027698467210744, -0.037512078164353646, -0.054270177534013753, 0.024746864276019576, 0.1108043341158349, 0.025862775167450947, -0.02236403499062245, -0.024474871863272352, 0.22359972736641054, 0.11653978265297238, 0.087317021381051574, -0.1808007178504496, -0.05439876300632851, -0.0011027248983934701, 0.10412281971534898, 0.057732392008579381, 0.024447179453169321, -0.02471675809535423, 0.01860563811642324, -0.10001785514385464, 0.070396839192556016, 0.025957127239741307, -0.0032593110051979401, -0.054699907318671581, 0.038221505385458654, -0.083442722661270174, -0.028398481387410301, 0.058678353454885146, 0.020234448504035107, 0.26034616584846981, 0.13078367587732609, 0.039988942925631488, -0.049297557586910346, -0.040206631632274448, 0.057312892895558076, 0.011604375405260936, 0.052311860618566741, -0.19197066220893477, -0.054785154687265969, -0.2435803153677929, -0.017751012497798868, -0.074348818339142531, 0.076005440163414484, -0.0035359282401006276, -0.045021019462665235, -0.08153648141593095, 0.12834993301325714, 0.062746998795402242, 0.01807262203025517, -0.01859672189616024, -0.013785470621870299, 0.012750608652529194, -0.073187585161281543, -0.1741912964886807, 0.21811329245469813, 0.21141460630446418, -0.040979544892279618, -0.089444965887974348, -0.029606859004219999, -0.030871989110841325, -0.024165985405024903, -0.04184642793137261, 0.01876723020090143, 0.061136934295090151, 0.13102446416633828, 0.04788287713593542, 0.052311011101529026, 0.025601509407812917, -0.20376225041193852, 0.11182254921056334, -0.16992493736370218, -0.16964666711162812, 0.05763586019947986, -0.17041951996902105, 0.1433581460647454, -0.18751619291956634, -0.0098754763997768169, -0.050125437761179281, 0.077381045951902427, -0.049291410314046269, -0.23173105287444895, 0.032824755435682751], [0.15180232979999952, -0.014666067951538908, -0.049783765779102707, 0.13079411838650368, -0.13532029362273534, 1.0, 0.59790460270045154, 0.019202091657187115, 0.1055869839415069, 0.18507088814915451, 0.13704004271321935, 0.20835153698749165, 0.15180232979999952, 0.0049318646235262387, -0.02507275215443272, 0.037867043385139909, 0.26841574690915904, 0.072888681850566295, -0.0081546029457002511, 0.16540439783861349, 0.19817327122004458, 0.19099479323142721, 0.1993116998864144, 0.20835153698749165, 0.026684912839804675, 0.11873299273148197, 0.19669255902703975, 0.21283101774733171, 0.071749001293579973, 0.075357105676067571, 0.061834296253489907, -0.03296668742576836, -0.14733656549229512, 0.022526141334282324, 0.090152263358064699, 0.47246583574215073, 0.57825949435871016, 0.11091621573308752, 0.49323859689794347, 0.19817327122004458, 0.11634492169165755, 0.18419315217975585, 0.41542726047105194, 0.18718526745859398, 0.088182765109409811, 0.5246653689184051, 0.18335910690656732, -0.024824151642309555, 0.21093542338126592, 0.16640912893638615, 0.088935018686382428, 0.62963321489966451, 0.62935159645510996, -0.0048582888335075847, 0.37411584848913282, 0.034149379184680195, 0.35861227131610729, 0.23101202691916634, 0.075666621981612447, 0.21717897171342959, 0.43923932544384048, 0.030012302330116869, 0.5255203064035433, 0.17120733607351435, 0.11651784380752139, 0.2660410920252172, 0.11873299273148197, 0.059542880802105791, 0.026684912839804675, 0.25565169662673992, 0.017809127686864046, 0.57201351372520537, 0.5563303196438899, 0.3111089571084017, 0.4721883798124652, 0.011631083963490441, 0.18061948451773968, 0.50887226297419597, 0.11654463915714919, 0.11672817639525401, 0.47203880855384595, 0.2874507949036833, -0.014237708599215582, 0.31805733919048218, 0.14616792405110457, 0.19219425084523001, 0.12049063140414418, 0.47894330123453821, 0.151021145269288, 0.072828822388649295, 0.09067120668538986, 0.17210384260734823, 0.43556814672283983, 0.21071006758027222, 0.25010607724209155, 0.29238749546240794, 0.13441369392795333, 0.21828803203768288, 0.044170929715909968, 0.20683346808977943, 0.26097480322356248, 0.076877678213002287, 0.06688913035684263, 0.24947729849106193, 0.50554529022792749, 0.16984321446902828, 0.013301297983528859, 0.18693444392863556, -0.10059092886234167, -0.17563134685673498, 0.10935299801331255, -0.12281357811468374, 0.14011664589262485, 0.099360866430633132, 0.10284029866885935, 0.43410855954268524, 0.42502295441642501, 0.44781298179765772, -0.070302861052451648, 0.10308175859170821, 0.59290375824637997, -0.0044999217605621311, 0.20050354562971495, 0.2169792635143476, -0.0086274613508048326, 0.25887316992804044, 0.30014360743870183, 0.36183728054224162, 0.020934064404467989, 0.40228460692148404, 0.3846230483048857, -0.02507275215443272, 0.200877382811538, 0.02771739279305907, 0.46279347345738731, 0.1632229289874163, 0.11297345151323301, 0.076753365231061021, 0.0055991903670014054, 0.093523166807798597, 0.16471930908760202], [-0.035047479612535959, 0.0082952337675653576, -0.10634824943067889, -0.0059645289566765403, -0.10355023477470326, 0.59790460270045154, 1.0, -0.11326676571421856, 0.081351877940481598, 0.050656591801185424, -0.18652785878215905, 0.10158146837243565, -0.035047479612535959, 0.10161035893784565, -0.06593560474448279, -0.0054976163286006852, 0.20674024817048475, 0.033879143006244616, 0.020620865142778388, 0.27615453067470708, 0.034426785238425905, 0.26301215402379374, 0.18739371794057702, 0.10158146837243565, 0.10016326645387319, 0.029406177526722255, 0.19046508416759222, 0.18487265227366745, 0.032288355999983365, -0.1622397640870028, 0.092636735601330789, -0.064874875542444421, -0.1603114942790782, 0.032188365101872063, 0.018434101011454485, 0.17709477998969125, 0.46356701725508453, 0.089005040787417111, 0.43974790921745355, 0.034426785238425905, -0.018571189992572457, 0.25102049664036485, 0.38421641906951687, -0.11685736308310979, 0.020129642523414426, 0.6627854429339467, 0.15664319004950777, 0.026228146772034, 0.059445913531711803, 0.052968776089105662, 0.097531722607430593, 0.58279974370117027, 0.26050567871278307, 0.27421414762974394, 0.36233201475207333, 0.028844818526348681, 0.27740447474517405, 0.25392705530608239, 0.12434509751708256, 0.24650416463788594, 0.4519272032022198, 0.10650485909948471, 0.35108774380107355, 0.078216577675443988, 0.17643413974227129, 0.23544771568808875, 0.029406177526722255, 0.0039126301039306144, 0.10016326645387319, 0.49803664259177571, 0.010734331063565028, 0.48888231844503505, 0.52845989417841766, 0.29325780758212772, 0.52518578618933287, 0.12867055306745279, 0.077720728394883087, 0.57807329871913882, 0.030646510803090776, 0.051506968083022464, 0.44460717729862431, 0.18985937717931534, 0.03675129776605579, 0.015069977667677703, 0.15924859575735772, 0.094416312228264077, 0.18877651289773212, 0.48673802868118399, 0.10469329696698559, -0.1794292471243788, 0.13784631563360605, 0.040735148352677109, 0.30220203041689131, 0.14932500080592748, 0.16783384714004546, 0.16614891314173219, 0.045744361230777852, 0.36241249553219035, 0.044041246010248059, 0.27047619507469878, 0.25472891866988556, 0.035379309174531581, 0.06481169283521282, 0.2887142683741909, 0.33975942350325905, 0.026316375700155881, -0.058852856955975863, 0.14113072933293935, -0.046698650323551583, -0.17227731251043399, 0.11138626133791929, -0.0002445229340655164, 0.13763257777302496, 0.15488581049310057, 0.072369154784941547, 0.65223134215742151, 0.43426943343164037, 0.60185951397267234, -0.059498340475054423, 0.15164938945902107, 0.56455063902124436, 0.036081535240596208, 0.097717870477705748, 0.037247245716675814, -0.11921007038346265, 0.079959979185754704, 0.32029313121530634, 0.28181167531004481, -0.076156737007909481, 0.4874711040059283, 0.33556456597924866, -0.06593560474448279, 0.13549674912384602, 0.046402100823165759, 0.6540755171733037, 0.15281506350346186, 0.22446474433174379, 0.0060335220661243971, 0.1647805269010888, 0.1453448693184598, 0.17724331520254122], [0.31354787322664468, 0.039963569328344106, 0.025937808232386117, 0.26289613375710186, 0.087552972552059738, 0.019202091657187115, -0.11326676571421856, 1.0000000000000004, 0.09263010732835697, 0.1604144381225393, 0.11670122115350046, 0.07559254509964608, 0.31354787322664468, -0.024267960343777428, 0.031849513549534136, 0.075645969576900618, 0.14786923455298584, 0.071778214041954613, 0.19508914857973425, -0.070554687594707621, 0.15782823669396429, -0.048396404428032502, 0.11877146199798672, 0.07559254509964608, 0.15565449107916018, 0.069967683924058832, 0.10494391797930269, 0.25225101771021374, 0.20604916268014106, 0.1318430292447027, -0.045777493635297484, -0.17949986658679618, 0.038427880457831631, -0.022796520380301999, 0.094987386487812575, -0.013314960775337337, 0.076020096635364354, 0.15335724351024616, -0.0075930262945342886, 0.15782823669396429, 0.085746110776924844, -0.034683149527940493, 0.029473871668656448, 0.16948259679903122, 0.24028386683764191, -0.027438042458340695, 0.15800419129912291, -0.063799686544152578, 0.19550720879217376, 0.17078217762202896, 0.13722693848767908, 0.049244537712586856, 0.19193346080847284, 0.048144522770292464, -0.028450698841414601, 0.10679621974437437, 0.1932525373387175, 0.04550517230330331, 0.15248394637733353, -0.016396915538226198, 0.061802443155496878, 0.18506827145751259, 0.1242320353546924, 0.063661265503782816, -0.047271424223500169, 0.092332489460370759, 0.069967683924058832, -0.059304998472874626, 0.15565449107916018, -0.1161351872645735, -0.0028927535915781455, 0.054671313383638065, -0.052594655700807902, 0.02759230667122059, -0.016404934472873611, -0.021905661747077643, -0.11959286550163362, -0.063936493542569028, 0.032022095866879985, 0.088308516624028388, 0.076497956047034132, 0.17224620423189041, 0.020838138998790501, 0.17633516461299725, 0.066939958071535521, 0.055414846242287097, -0.035553913974073703, -0.1680674019440811, 0.16248296061473388, 0.0039463798504081327, 0.12042199575083479, 0.14679753543298257, 0.24611990801519112, 0.042906630664476753, 0.036884464683105578, 0.055577011480851479, 0.17164385542297445, 0.013219221081771981, -0.061529861591147039, 0.097582518945142693, -0.11681674383087337, 0.17326455046356937, 0.21914490826830157, -0.0088581759844474917, 0.17611692850741123, 0.063475090231556175, -0.014344465750602664, 0.033662628530223282, 0.087801257533137833, 0.12336642533506537, 0.018884960957299191, 0.043310266434627098, -0.025403548154108613, 0.010065447080600198, -0.10793187550485728, -0.13907029372407198, -0.10374531086860084, -0.049736248734430832, 0.097321945572118596, 0.14045239114339381, -0.13423214691015861, -0.10585333994111346, 0.15786694660849299, 0.26738938377277344, -0.01939974996223226, 0.26268073665059233, 0.076648210162370667, -0.10945257636405925, 0.14623564516667342, -0.039022753662363741, -0.10959177439457135, 0.031849513549534136, 0.17131666940667079, -0.083776405408859222, -0.0389583131908664, 0.11514319995377897, -0.014296333389678617, -0.091063569822662949, 0.084284982637378936, -0.02868824665987435, 0.064248923379179645], [0.055217495538079531, -0.096472393871535056, 0.11935238246947577, 0.039305298154905688, -0.13440007997332826, 0.1055869839415069, 0.081351877940481598, 0.09263010732835697, 0.99999999999999978, 0.048728206667490115, 0.21359842518917116, 0.11373707599508665, 0.055217495538079531, -0.032417408991181951, -0.12422904131900525, -0.11928299066057213, -0.1095736733666175, 0.12943773850335683, 0.021900334113526876, 0.35496399646923904, -0.10857116862592653, 0.17574410011621477, -0.096390223058970381, 0.11373707599508665, -0.065805156531731024, -0.047360845208733737, 0.025519718631430766, 0.062887001186463176, 0.033519615655797641, 0.020127778952449549, -0.072729794436780182, 0.075776479442492661, 0.02210141794407483, 0.10106949840289903, -0.092845446730952741, 0.090967886169388001, 0.19014973210826214, 0.10479641918135663, 0.28668440670491069, -0.10857116862592653, -0.094388945618551823, 0.073703230987023582, 0.058585461320351029, 0.020411315800482055, 0.082499811412713231, -0.0036483802856803749, -0.13902618977298142, -0.12720385546200363, 0.16615156932120168, 0.25304175880565793, 0.065703965589468005, 0.15816020482365878, 0.22438309576914395, 0.2843801416043874, 0.16664326711426014, -0.2214520493278016, 0.076504585779972656, 0.088939401022021136, -0.009972295448702484, 0.0030440412143236673, -0.097561458939496859, 0.14093213636781488, 0.32386794505635685, 0.48867271804660473, -0.13129963025332669, 0.17580115439156896, -0.047360845208733737, -0.23975193422285401, -0.065805156531731024, 0.061573426188929914, 0.3441428798702979, 0.1406770499446619, -0.057904866035427993, -0.10979069152283416, -0.032943645535238542, 0.013395748342478697, -0.011878796238554923, -0.056374173728908517, 0.41670636492694646, 0.58919735257909533, 0.24995730035059305, -0.047342525509131983, 0.20951226628781638, -0.092089495971218405, -0.067652964786768965, 0.11034540669722515, 0.073797124827245986, 0.13761824904411013, -0.061841447686437512, 0.20944676594280287, -0.22190261900280506, 0.15628284758781474, 0.26711940659383737, 0.28210913718516983, 0.1145244029045257, 0.48312168609207728, 0.53077952887103741, -0.031268571995296757, 0.1280268401591278, 0.33177382258170218, 0.32782117931109012, 0.011685325231302723, 0.057949395574508289, -0.11330577457379376, 0.17644142162977716, 0.39877282815050719, 0.50808602403949432, 0.41823134605369117, -0.025765914939982482, 0.40966451191485209, -0.23533941195250385, 0.27655597317388292, 0.53855056797200063, -0.16831938236075894, -0.00090350449271991984, -0.1081882377446961, 0.074245738731020139, 0.07159683724207011, -0.041163145056386963, 0.11810862842948033, 0.0500436217129685, 0.01428205375230629, 0.0064985605647879252, 0.060577248410435658, 0.1771658690241803, 0.37650798192673796, 0.085247113485870885, 0.24548641846595165, 0.11572304354805452, 0.24373747879826702, 0.22673281690239311, -0.12422904131900525, 0.56300980018615199, -0.21180200153909023, 0.2387757648609018, 0.01477259143776577, -0.13212840806049542, -0.089173505856983803, 0.11630464682585906, 0.15366390864854118, 0.015177557762267924], [0.2398391460142677, 0.029970164418568923, -0.048181467883210871, 0.16088254729072993, 0.035699177205004595, 0.18507088814915451, 0.050656591801185424, 0.1604144381225393, 0.048728206667490115, 0.99999999999999967, 0.12745784218916323, 0.15459147398000217, 0.2398391460142677, -0.1166705346677559, -0.0072235447477082548, 0.073334458270867264, 0.044671089240478024, -0.028592331372375712, 0.039415264664182326, 0.096750195927530092, 0.13164206905209175, -0.01403621260061727, 0.16974037459305502, 0.15459147398000217, 0.026692659609277358, 0.16076093070360442, 0.13004161643777801, 0.18965309970997313, 0.099803522029093705, 0.089476906432307546, 0.011120126146504261, 0.062636388210133731, -0.019372202765025159, 0.1038276386335264, 0.063519567673027577, -0.068724968459161984, 0.21097321360029242, 0.17800021220018591, 0.17782090923751537, 0.13164206905209175, -0.0058780889459557617, 0.18352531608466149, 0.15335571855497254, 0.1352917379966132, 0.11388861348435375, 0.093364177202305276, 0.16143709057919597, -0.15264117063240379, 0.19241105386790669, -0.013610036617935251, -0.029246719813272204, 0.15346007905697823, 0.072360900807899364, -0.076501373119151506, 0.086674071502203409, -0.096242719117864084, 0.052578715092714945, -0.0017543117950384879, 0.12672326529978006, 0.050579382307907261, 0.26517490874091454, -0.093439955223779902, 0.12477877095225109, -0.116368006475563, -0.039852488417174259, 0.036535904775399253, 0.16076093070360442, -0.028419481953444903, 0.026692659609277358, -0.055612959747695978, -0.014033819290748317, 0.056639299373209107, 0.052072849846394265, 0.067080139693228569, 0.051500405965432372, -0.063433666671926847, -0.10914164524994563, 0.045576466717548447, -0.084892265414892698, -0.027470011214349332, 0.12878642504420112, 0.1630658080541092, -0.1011838833419838, 0.21445871038986275, 0.1081953312171422, 0.20953209801648598, 0.13763217836920383, -0.080177075206907311, 0.42012735549685487, 0.14726561079056399, 0.01273560741792823, 0.36471298405223029, 0.33405125984736839, 0.11446530388060339, 0.16963071132009833, 0.090886040388652667, 0.08212727172068468, 0.06808568631820866, -0.1478996866993636, -0.089712198400743182, -0.060871006540911932, 0.12255598138989909, 0.064760086697690511, -0.054296679296551353, 0.17873999212037228, -0.10985399369926974, -0.080816603315936986, 0.0040491026341591407, 0.081694796072994458, 0.12023989301670313, 0.096008557937430239, 0.11074470544218384, 0.10853152151810497, 0.015958627206542286, 0.038198043626097355, 0.019762327108551858, 0.023186897023504516, 0.3188425762846111, 0.21664642263730804, 0.16179169763482937, 0.052473587084481799, 0.087985740885615726, 0.23258497974379999, 0.25341951648716809, -0.10975478278128503, 0.10014753122924069, 0.33399065400643813, 0.0058126710532415693, 0.16544652504812885, -0.1294952777499272, 0.060349926261222708, -0.0072235447477082548, 0.15201802941406217, 0.057306896567045129, 0.12218436334176086, 0.22093364698541951, 0.064136118915441465, 0.054199269495648572, -0.04379294638525022, -0.039508731981822809, 0.24488863045343234], [0.21421264050361777, -0.2469446609045407, 0.13096260447032959, 0.18334514488524711, 0.086229765489625354, 0.13704004271321935, -0.18652785878215905, 0.11670122115350046, 0.21359842518917116, 0.12745784218916323, 1.0, 0.076638664322882466, 0.21421264050361777, -0.087890778430323779, -0.046843612522988076, -0.019705081462346952, 0.083876138199407202, 0.013932617091108157, 0.066249779640005557, 0.062670003152086706, 0.10375943565431733, -0.072052282745591389, 0.026073950979842775, 0.076638664322882466, 0.04506725000935119, -0.040233874183126295, 0.13010374843978734, -0.054584427794704071, 0.024572429146879959, 0.11229615868641807, 0.026772080037605894, 0.064915014525643189, 0.10424845128504912, 0.071422838263531019, 0.10203262635086841, 0.16642630535921388, -0.045648271874738411, 0.071187209031486121, 0.079795647022346872, 0.10375943565431733, 0.21660825068904777, 0.066575125605315755, 0.087132328500777678, 0.50309626206415425, -0.020494039822666288, -0.092045303986074689, 0.046364925529277956, -0.02120492778557348, -0.015171798269369985, -0.0082229959784165807, -0.015445455486505333, 0.087409499736456842, 0.20411632267492874, 0.063564947949476536, 0.036583175032735338, -0.066610221472056974, -0.051547671800111106, -0.016819194974353913, 0.051828780031766164, -0.12028822112418114, -0.13323518960944303, 0.082370437801300156, 0.080277897965308709, 0.32147518679077758, -0.0005381742986694249, -0.090013556079363788, -0.040233874183126295, 0.17866193041975986, 0.04506725000935119, 0.050738166608177981, 0.26160124333817869, -0.094251461635458389, 0.061521292930836746, -0.098231158841614929, -0.080500164144798214, -0.016412087425058841, 0.12274003351359219, 0.00095417441032497052, 0.45105929795168531, 0.2629688856322947, -0.047007171908967749, 0.042024514669792845, 0.10622083734684662, 0.19946854062521369, -0.046938852686757127, 0.040470483979864635, 0.13711095114156779, -0.0071794074210971282, -0.020104335187361322, 0.17594878882214948, 0.097432487425427317, 0.13327895654738919, 0.076053871408598095, 0.28793834058952861, 0.0049335496737958895, 0.43343254513166618, 0.073031343307611518, -0.1107758154070928, 0.11813330582012949, 0.050215042723628422, 0.16227736163814022, -0.11420004356195923, -0.054627202725805901, -0.074364175675603716, 0.32818253468328673, 0.25961448705090961, 0.39891004088218129, 0.29643583742715451, -0.061280274796964518, 0.41952330097043544, -0.044291911844794196, 0.080940987381738494, 0.16690728839625213, -0.093660671980714039, 0.16086813291965019, -0.12372175542861585, 0.0004775617735547355, 0.018185740095838288, -0.061844562712972451, 0.11246867636727331, 0.10494221170884277, 0.064810811414029335, 0.095751013622239922, 0.093994263149645874, 0.065418464238346963, 0.29733964492994436, 0.11439328509325941, -0.0061223071429183928, 0.3046416276820042, 0.071862992731906661, 0.027617807635339719, -0.046843612522988076, 0.27842473339883256, 0.031165241765345408, -0.16003520727931497, 0.0064901574801715656, 0.12386382025141318, 0.26504522322238544, -0.15279857647980433, 0.010899718457851648, 0.090391053288279899], [0.23117516720099296, 0.12643877565994188, 0.18098949165261646, 0.14775202405357868, 0.045246155962621715, 0.20835153698749165, 0.10158146837243565, 0.07559254509964608, 0.11373707599508665, 0.15459147398000217, 0.076638664322882466, 1.0, 0.23117516720099296, -0.10665247516966203, 0.083912052859189568, 0.022960915405111249, 0.07749405765153683, -0.045754896144073243, 0.059989261187614051, 0.19289512521917729, 0.20112720565065079, 0.094180468433804898, 0.15460109074428829, 1.0, 0.059005286586454209, 0.10997856592618649, 0.14367647995144628, 0.19396712078065659, 0.046622588241039931, -0.04517752313087664, -0.0020828179800673752, 0.1240049424589077, -0.17023863291555252, -0.028516564560824076, 0.020222377773387312, 0.089278157608944531, 0.19219744709732622, 0.13081325789580289, 0.15047646806862258, 0.20112720565065079, 0.12605677362979417, 0.064592930258746906, 0.20433038136656845, 0.2294098743552595, -0.013565601866898147, 0.052005283263663715, 0.25809984723047941, -0.25902916537971166, 0.30454507342576387, 0.048196521677023818, 0.047280785024747196, 0.038947188366458829, 0.35827551391857426, -0.0089823976750735834, 0.062906885560763515, -0.15602334201100598, 0.25516067563467537, 0.22016591798021068, 0.14884996978411447, 0.08905617513642694, 0.1699852753584804, -0.060498145075154053, 0.27024841868601712, 0.10552561479082945, 0.23578854457074883, 0.14211483015103232, 0.10997856592618649, 0.37991723528482058, 0.059005286586454209, -0.022820592109045412, 0.10847164333186954, 0.10169010998475025, 0.097453377031020971, 0.0084373945686734286, 0.09252269777078348, 0.047452962102388363, 0.049384130902928591, 0.012288664396367444, 0.27162022490871229, 0.1237708698832255, 0.30383624189595504, 0.15949772092263237, 0.13257965451683229, 0.31099538225888246, 0.035089681188886446, 0.50169072158853212, -0.022882011351730291, 0.14642443414940487, 0.23607060960270576, 0.0098202841327339474, 0.027782308888266494, 0.10172320639086885, 0.078738425902186493, 0.1004821712264542, 0.49708423747267472, 0.20463847568025428, 0.031644955518652873, 0.17158582032179048, -0.087281168371645235, 0.16950533867144113, 0.11363193580224551, 0.18019088208679679, 0.12171904088199337, -0.095023914761034334, 0.17610084771069168, 0.24328429519995198, 0.17381900221037605, 0.24739255108769975, -0.13172747426064335, -0.055040933591782304, 0.20748539898419194, -0.017015845293820053, 0.21986290354823335, -0.12149034207021137, 0.17696743663981862, 0.074026430996839254, 0.13642542260015533, 0.076505955400882564, -0.093484832491522063, 0.044577867097900348, -0.075706529903076136, 0.081455664234199587, 0.093860498092561251, 0.24352913648457442, 0.056425496155901755, 0.25480774874427414, 0.2121487517385009, 0.25169056272630486, 0.18351315019538395, 0.002521083183178674, 0.16614879824210638, 0.083912052859189568, 0.19146627398600935, 0.15479372924366841, 0.16357267377095719, 0.1383567772089066, -0.008671208004122466, -0.069187955224115916, 0.0045532119257035708, -0.0029634819281798563, 0.14700803460793077], [1.0, 0.10475708836249631, -0.023105884077572858, 0.40292737293798475, 0.12961436197731591, 0.15180232979999952, -0.035047479612535959, 0.31354787322664468, 0.055217495538079531, 0.2398391460142677, 0.21421264050361777, 0.23117516720099296, 1.0, 0.019825079261459821, 0.085389056461948387, 0.030969528479549813, 0.18713547779995832, 0.068243813032305534, 0.16591376858684015, 0.11011387090668301, 0.38915219465264239, -0.021873292017966506, 0.27193517829127145, 0.23117516720099296, 0.10124298623663153, 0.25210860935398816, 0.30800641749193636, 0.29581211416453268, 0.143637095796039, 0.027052367493798357, -0.14366538334787937, 0.0038475103823968348, 0.014803910678475196, 0.046739275201532648, 0.12092039434387625, 0.03760718143474806, 0.19111056072443122, 0.26650339367076037, 0.2227410378817718, 0.38915219465264239, 0.071444552422894492, 0.10902431391091683, 0.10892738626587206, 0.35648925562330136, 0.28415508877633788, 0.11615647686090946, 0.50993007104970245, -0.099979809927202234, 0.26326860281990461, 0.17516108258725738, 0.11840141366244505, 0.2170863511415303, 0.26746415514303168, -0.010982961850505735, 0.12120717034449813, 0.1096348358556023, 0.29750033823329614, 0.048354679970597392, 0.24378090359484417, 0.086149399768878476, 0.14141817273767221, 0.14835563151503184, 0.25391736607548643, 0.080108016973986396, 0.1757225614260941, 0.25842229914764991, 0.25210860935398816, 0.29477010984774632, 0.10124298623663153, 0.02217644850296574, 0.063852463511536284, 0.15364818074844022, 0.0700277433327956, 0.019892751381575868, 0.11581277220462372, -0.039599604106545394, -0.10937116271776071, -0.022114778212197539, -0.15264864578701998, 0.085922931537792513, 0.18710534110294774, 0.43662824896225993, 0.077988344118145481, 0.38716098799629894, 0.16447379470460632, 0.13958937529957338, 0.050490693990203783, -0.033313058043577648, 0.25363667632376607, 0.087390622478433766, 0.17830023237629455, 0.2220396447679891, 0.35141361452204944, 0.20234947781969137, 0.38347132198333789, 0.074217912788067331, 0.19157921148505597, 0.12410201768864237, -0.071461585826158469, 0.095534563684072871, -0.07926644060000565, 0.24370973849455257, 0.13448131691583654, 0.1153472456048078, 0.19364033684767912, 0.093769336740387121, -0.016479024392999309, 0.048957702800434988, 0.036582749197760722, 0.033927772812547663, 0.31559973467831282, 0.014630648872508534, -0.14149928823179048, -0.013870580332169258, 0.095492046145361442, -0.050602246387339678, -0.031693766696434311, 0.087843482760275871, 0.064669678932884334, 0.24762626174998592, 0.063703697086044064, -0.063029293591566171, 0.22685837597000935, 0.52183692279035421, 0.030729196870994957, 0.31467875024090819, 0.17020701155978313, 0.11911686210366401, 0.27281217079877829, 0.0092269158697334541, 0.14393283588777561, 0.085389056461948387, 0.07207855624934556, 0.085774996656493574, 0.09861291857343979, 0.27435867187752816, 0.083593090843041895, -0.040089897416647702, 0.1098490440477119, 0.017448002290792797, 0.25591877805465013], [0.019825079261459821, 0.039181402607571525, -0.053635224401802128, -0.014314172147365634, -0.088588663216715879, 0.0049318646235262387, 0.10161035893784565, -0.024267960343777428, -0.032417408991181951, -0.1166705346677559, -0.087890778430323779, -0.10665247516966203, 0.019825079261459821, 1.0000000000000002, -0.30310041423731104, 0.34614303529186263, 0.014716366721298169, -0.018059474606239911, -0.032434865008706